35
74
75
78
86
87
88
89
272
278
284
285
286
287
288
295
421
426
428
430
466
492
538
540
542
544
546
548
552
577
579
581
589
598
616
626
628
630
632
634
636
638
640
642
644
646
648
650
652
654
656
658
660
662
664
667
675
732
740
746
747
751
767
772
773
774
775
776
777
778
800
801
802
803
804
805
806
807
808
809
810
811
812
813
814
815
816
817
818
825
826
827
828
829
830
831
832
833
834
835
836
837
839
841
843
845
847
849
851
853
855
857
859
861
863
864
865
866
867
868
869
870
871
872
873
874
875
876
877
878
879
880
881
882
883
884
885
886
887
888
889
890
891
892
893
942
945
975
1005
1007
1009
1011
1013
1015
1017
1019
1021
1023
1025
1027
1029
1031
1033
1035
1037
1038
1040
1042
1044
1046
1048
1050
1052
1053
1055
1057
1059
1061
1063
1065
1067
1069
1071
1073
1075
1077
1079
1081
1083
1085
1087
1089
1091
1093
1095
1097
1099
1101
1103
1105
1107
1109
1111
1113
1115
1117
1119
1121
1123
1125
1127
1129
1131
1133
1135
1137
1139
1141
1143
1145
1147
1149
1151
1153
1155
1157
1159
1161
1163
1165
1167
1169
1171
1173
1175
1177
1179
1181
1183
1185
1187
1189
1191
1193
1195
1197
1199
1201
1203
1205
1207
1209
1211
1213
1215
1217
1219
1221
1223
1225
1227
1229
1231
1233
1235
1237
1239
1241
1243
1245
1247
1249
1251
1253
1255
1257
1259
1261
1263
1277
1279
1281
1283
1285
1287
1289
1291
1293
1295
1297
1299
1301
1303
1305
1307
1309
1311
1313
1315
1317
1319
1321
1323
1325
1327
1329
1331
1333
1335
1337
1339
1341
1343
1345
1347
1363
1365
1367
1369
1371
1373
1375
1377
1379
1381
1383
1385
1387
1389
1391
1393
1395
1397
1399
1401
1403
1405
1407
1409
1419
1420
1422
1424
1426
1428
1430
1432
1434
1478
1495
1506
1540
1549
1554
1575
1580
1635
1637
1639
1641
1643
1645
1654
1656
1658
1660
1662
1664
1692
1694
1696
1698
1700
1702
1704
1706
1708
1710
1712
1716
1718
1722
1724
1725
1727
1729
1731
1757
1796
1797
1833
1835
1837
1844
1845
1846
1917
1949
1963
1973
2395
2402
2405
2406
2412
2413
2414
2415
2416
2417
2460
2462
2464
2466
2468
2470
2472
2474
2476
2487
2489
2491
2493
2495
2497
2499
2501
2503
2532
2533
2534
2535
2536
2537
2538
2539
2540
2541
2550
2552
2554
2556
2558
2560
2562
2564
2566
2568
2570
2572
2577
2579
2581
2583
2585
2587
2589
2591
2593
2595
2597
2599
2601
2603
2605
2607
2609
2611
2613
2615
2617
2619
2621
2623
2625
2627
2629
2631
2633
2635
2637
2639
2641
2643
2645
2647
2649
2651
2653
2655
2657
2659
2661
2663
2665
2667
2669
2671
2673
2675
2866
2883
2888
2889
2890
2894
2896
2898
2900
2902
2904
2906
2908
2910
2912
2914
2916
2918
2920
2922
2924
2926
2928
2930
2932
2934
2936
2938
2940
2942
2952
2961
2963
2978
2979
2980
2981
2982
2983
2984
2985
2986
2987
2988
2989
2990
2991
2992
2993
2994
2995
2997
3053
3054
3057
3058
3059
3060
3061
3093
3094
3095
3096
3097
3098
3099
3100
3101
3105
3107
3122
3140
3157
3170
3171
3172
3173
3174
3175
3176
3177
3190
3192
3194
3196
3198
3200
3202
3204
3208
3250
3327
3329
3331
3333
3335
3337
3339
3341
3343
3385
3387
3389
3391
3393
3472
3473
3474
3475
3476
3477
3478
3479
3480
3481
3483
3485
3486
3488
3688
3689
3690
3691
3695
3748
3749
3751
3753
3755
3757
3758
3759
3761
3763
3765
3767
3769
3771
3773
3775
3777
3779
3781
3783
3785
3787
3789
3791
3793
3795
3797
3799
3839
3840
3841
3842
3843
3844
3850
3853
3855
3857
3859
3861
3863
3865
3867
3893
3899
4021
4023
4024
4025
4026
4027
4028
4029
4030
4031
4035
4037
4039
4041
4042
4068
4069
4070
4071
4072
4080
4081
4083
4084
4085
4086
4087
4089
4091
4093
4095
4097
4099
4101
4103
4105
4107
4109
4111
4113
4115
4117
4119
4121
4123
4125
4127
4129
4131
4151
4153
4156
4158
4159
4160
4162
4164
4166
4168
4170
4172
4173
4174
4175
4181
4193
4202
4212
4214
4215
4216
4217
4218
4219
4220
4221
4222
4223
4224
4225
4226
4227
4228
4229
4230
4231
4232
4233
4234
4236
4250
4284
4285
4298
4300
4302
4304
4306
4308
4310
4315
4317
4319
4321
4323
4325
4327
4329
4331
4333
4335
4337
4339
4341
4343
4345
4347
4349
4351
4353
4355
4357
4359
4361
4363
4365
4367
4369
4371
4373
4375
4377
4379
4381
4383
4385
4387
4389
4391
4393
4395
4397
4399
4401
4403
4405
4407
4409
4411
4413
4498
4500
4501
4502
4503
4504
4505
4506
4507
4508
4509
4510
4511
4512
4513
4514
4515
4516
4551
4565
4566
4567
4580
4582
4584
4585
4587
4599
4600
4605
4611
4657
4675
4677
4704
4705
4708
4710
4712
4714
4716
4718
4720
4722
4724
4726
4728
4730
4732
4734
4736
4738
4740
4745
4747
4749
4751
4753
4755
4757
4759
4773
4778
4783
4788
4793
4797
4798
4803
4817
4827
4829
4837
4856
4857
4858
4859
4860
4862
4863
4864
4865
4866
4868
4869
4870
4871
4872
4874
4875
4876
4877
4878
4880
4881
4882
4883
4884
4886
4887
4888
4889
4890
4892
4893
4894
4895
4896
4898
4899
4900
4901
4902
4904
4905
4906
4907
4908
4910
4911
4912
4913
4914
4916
4917
4918
4919
4920
4922
4923
4924
4925
4926
4928
4929
4930
4931
4932
4934
4935
4936
4937
4938
4940
4941
4942
4943
4944
4946
4947
4948
4949
4950
4952
4953
4954
4955
4956
4958
4959
4960
4961
4962
4964
4965
4966
4967
4968
4970
4971
4972
4973
4974
4976
4977
4978
4979
4980
4982
4983
4984
4985
4986
4988
4989
4990
4991
4992
4994
4995
4996
4997
4998
5013
5014
5016
5018
5024
5026
5028
5030
5032
5034
5036
5038
5040
5042
5044
5046
5048
5050
5052
5060
5061
5329
5345
5521
5525
5527
5529
5531
5533
5535
5537
5539
5541
5543
5545
5547
5549
5551
5553
5554
5555
5556
5557
5560
5574
5575
5576
5607
5608
5609
5614
5616
5617
5618
5619
5620
5621
5622
5623
5624
5625
5626
5627
5628
5629
5630
5631
5632
5633
5634
5635
5636
5637
5638
5639
5640
5641
5642
5643
5644
5645
5646
5647
5648
5649
5650
5651
5652
5653
5654
5655
5656
5657
5658
5659
5660
5661
5662
5663
5664
5665
5666
5667
5668
5670
5672
5674
5676
5678
5680
5682
5684
5686
5688
5690
5692
5694
5696
5698
5700
5702
5704
5706
5708
5710
5712
5714
5716
5718
5720
5722
5724
5726
5728
5730
5732
5734
5736
6040
6041
6061
6062
6065
6067
6068
6069
6070
6082
6106
6107
6108
6109
6110
6111
6122
6123
6125
6126
6127
6128
6129
6130
6131
6133
6135
6137
6139
6141
6143
6145
6147
6149
6151
6153
6180
6181
6182
6184
6185
6186
6187
6188
6208
6215
6217
6219
6221
6223
6225
6227
6229
6231
6233
6235
6237
6239
6241
6243
6245
6247
6249
6251
6253
6255
6257
6259
6261
6263
6265
6267
6269
6271
6273
6275
6277
6279
6281
6283
6285
6313
6315
6317
6322
6324
6326
6328
6330
6335
6337
6339
6341
6343
6345
6347
6349
6351
6353
6355
6357
6359
6361
6363
6365
6367
6369
6371
6373
6375
6377
6379
6382
6384
6386
6388
6390
6392
6394
6396
6398
6400
6402
6404
6406
6408
6410
6412
6414
6416
6418
6420
6449
6451
6465
6522
6523
6524
6525
6526
6527
6528
6541
6544
6547
6548
6562
6563
6568
6570
6575
6577
6581
6585
6587
6589
6591
6593
6595
6597
6599
6601
6603
6605
6607
6609
6611
6613
6615
6617
6619
6621
6623
6625
6627
6629
6631
6633
6654
6655
6656
6657
6658
6659
6665
6666
6670
6671
6672
6707
6720
6724
6731
6733
6735
6737
6741
6745
6746
6750
6752
6754
6760
6762
6764
6773
6774
6775
6776
6777
6778
6779
6786
6787
6790
6809
6817
6818
6856
6857
6858
6859
6860
6861
6862
6863
6864
6885
6886
6887
6889
6908
6910
6912
6914
6916
6918
6920
6922
6924
6956
6959
7003
7004
7051
7053
7110
7112
7114
7116
7122
7124
7126
7128
7130
7132
7134
7136
7138
7140
7141
7142
7158
7159
7170
7319
7321
7323
7325
7327
7332
7334
7336
7338
7340
7342
7344
7346
7348
7350
7352
7354
7356
7358
7360
7362
7364
7366
7368
7370
7372
7374
7376
7378
7380
7382
7384
7386
7388
7390
7392
7394
7396
7398
7399
7400
7409
7410
7412
7414
7421
7422
7423
7424
7425
7426
7427
7428
7429
7430
7431
7433
7435
7437
7439
7441
7443
7445
7447
7449
7451
7534
7535
7537
7539
7572
7592
7593
7594
7595
7596
7637
7639
7640
7641
7642
7643
7644
7645
7646
7647
7648
7668
7671
7673
7675
7676
7679
7682
7684
7686
7756
7758
7773
7803
7804
7806
7807
7808
7809
7917
7918
7952
8464
8466
8468
8470
8472
8474
8476
8478
8480
8482
8484
8486
8488
8490
8492
8494
8650
8652
8654
8656
8658
8660
8662
8664
8666
8668
8670
8672
8674
8676
8678
8680
8682
8684
8686
8688
8690
8692
8694
8696
8698
8700
8702
8704
8706
8708
8710
8712
8714
8716
8718
8720
8722
8724
8726
8728
8730
8732
8734
8736
8738
8740
8742
8744
8746
8748
8750
8752
8754
8756
8758
8760
8762
8764
8766
8768
8770
8772
8774
8776
8794
8798
8799
8800
8801
8802
8803
8804
8805
8806
8807
8808
8809
8810
8811
8812
8813
8814
8815
8816
8817
8818
8819
8820
8821
8822
8823
8824
8825
8826
8827
8829
8830
8831
8832
8833
8834
8835
8839
8840
8841
8842
8844
8845
8846
8847
8848
8849
8850
8856
8860
8861
8862
8863
8864
8871
8872
8874
8876
8878
8880
8882
8901
8903
8905
8907
8909
8911
8913
8915
8917
8919
8921
8923
8924
8925
8926
8927
8928
8929
8949
8950
8952
8953
8954
8955
8956
8957
8958
8959
8960
8961
8962
8963
8964
8965
8966
8967
8968
8969
8970
8971
8987
8991
8992
8993
8994
8995
8996
8997
9005
9006
9013
9020
9044
9046
9048
9050
9054
9055
9056
9057
9058
9059
9065
9068
9069
9070
9071
9072
9073
9074
9083
9084
9091
9092
9093
9096
9097
9098
9099
9100
9101
9102
9104
9106
9139
9140
9141
9142
9143
9144
9145
9174
9176
9177
9179
9181
9183
9185
9236
9237
9238
9239
9240
9241
9242
9243
9244
9245
9286
9287
9288
9289
9290
9291
9292
9293
9294
9295
9296
9297
9298
9299
9300
9301
9302
9303
9304
9305
9306
9335
9336
9337
9338
9339
9340
9341
9342
9419
9420
9422
9423
9425
9427
9429
9431
9440
9442
9444
9446
9448
9450
9452
9470
9472
9625
9629
9634
9636
9638
9640
9642
9644
9665
9672
9674
9676
9678
9702
9703
9704
9705
9706
9729
9731
9733
9747
9748
9749
9750
9751
9752
9753
9754
9755
9756
9757
9758
9759
9760
9761
9762
9763
9764
9765
9766
9767
9768
9769
9770
9771
9772
9773
9774
9775
9776
9777
9778
9779
9780
9781
9782
9783
9784
9785
9786
9787
9788
9789
9790
9791
9792
9793
9794
9795
9796
9797
9798
9799
9800
9801
9802
9803
9804
9805
9806
9807
9808
9809
9810
9811
9812
9813
9814
9815
9816
9898
9899
9905
9906
9907
9908
9909
9910
9911
9912
9913
9914
9915
9916
9917
9918
9920
9921
9922
9923
9924
9925
9926
9927
9928
9929
9930
9931
9943
9944
9945
9946
9948
9949
9950
10010
10022
10023
10024
10029
10033
10034
10035
10037
10039
10041
10043
10045
10047
10049
10051
10053
10055
10057
10059
10061
10063
10065
10067
10069
10071
10073
10074
10075
10077
10079
10081
10083
10085
10129
10131
10132
10142
10143
10144
10145
10146
10147
10148
10149
10150
10152
10153
10154
10155
10156
10158
10159
10171
10172
10280
10282
10284
10286
10288
10290
10292
10294
10296
10298
10300
10302
10304
10306
10308
10310
10312
10314
10316
10318
10320
10322
10324
10330
10332
10334
10336
10338
10340
10342
10344
10346
10348
10350
10352
10354
10356
10358
10360
10362
10364
10366
10368
10370
10372
10374
10376
10378
10380
10382
10384
10386
10388
10390
10392
10394
10396
10398
10400
10402
10404
10406
10408
10410
10412
10414
10416
10418
10420
10422
10424
10426
10428
10430
10432
10434
10436
10438
10440
10442
10444
10446
10448
10450
10452
10454
10456
10458
10460
10462
10464
10466
10468
10470
10472
10474
10484
10485
10487
10488
10498
10499
10500
10501
10507
10547
10548
10549
10550
10551
10552
10553
10554
10555
10556
10557
10558
10559
10564
10566
10567
10569
10571
10573
10575
10577
10579
10581
10582
10583
10584
10588
10589
10601
10602
10603
10604
10605
10606
10607
10608
10609
10610
10611
10612
10613
10614
10615
10616
10617
10618
10619
10620
10621
10622
10623
10624
10625
10626
10627
10628
10629
10630
10631
10632
10633
10634
10635
10636
10637
10638
10639
10640
10641
10642
10643
10644
10645
10646
10647
10648
10649
10650
10651
10652
10653
10654
10655
10656
10657
10658
10659
10660
10661
10662
10663
10664
10665
10666
10667
10668
10669
10670
10671
10672
10673
10674
10675
10676
10677
10678
10679
10680
10681
10682
10683
10684
10685
10686
10687
10688
10689
10690
10691
10692
10693
10694
10695
10696
10697
10698
10699
10700
10701
10702
10703
10704
10705
10706
10707
10708
10709
10710
10711
10712
10713
10714
10715
10716
10717
10718
10719
10720
10721
10723
10724
10725
10726
10727
10728
10732
10734
10735
10736
10738
10740
10742
10744
10746
10748
10750
10752
10754
10756
10758
10760
10762
10764
10766
10768
10770
10772
10774
10776
10778
10780
10782
10784
10786
10788
10790
10792
10794
10796
10798
10800
10802
10804
10806
10810
10822
10824
10826
10828
10836
10837
10838
10839
10840
10858
10862
10863
10864
10865
10877
10878
10879
10880
10881
10882
10883
10887
10933
10939
10940
10941
10945
10954
10956
10958
11012
11013
11014
11015
11016
11017
11018
11019
11020
11021
11022
11027
11028
11029
11030
11037
11061
11063
11068
11069
11071
11072
11074
11076
11078
11079
11081
11083
11085
11087
11088
11090
11092
11094
11095
11097
11099
11101
11103
11105
11107
11109
11111
11113
11115
11117
11118
11120
11122
11124
11126
11128
11130
11132
11133
11135
11136
11138
11140
11165
11167
11190
11191
11192
11193
11194
11195
11200
11204
11212
11217
11222
11227
11228
11229
11230
11231
11233
11234
11235
11259
11274
11277
11278
11279
11280
11282
11283
11284
11335
11367
11369
11371
11373
11375
11377
11379
11381
11382
11384
11386
11388
11389
11391
11393
11395
11396
11398
11400
11402
11403
11405
11407
11409
11410
11412
11414
11416
11417
11419
11663
11664
11665
11666
11667
11668
11669
11670
11671
11672
11673
11674
11675
11676
11694
11696
11698
11700
11716
11718
11720
11722
11724
11726
11728
11730
11732
11736
11738
11749
11756
11757
11758
11789
11790
11791
11809
11949
11950
11951
11969
12169
12170
12171
12202
12204
12206
12207
12209
12210
12212
12213
12215
12216
12218
12219
12221
12222
12224
12524
12558
12559
12561
12563
12565
12568
12570
12578
12579
12580
12581
12595
12607
12608
12610
12612
12614
12616
12618
12620
12622
12629
12634
12645
12655
12658
12659
12660
12661
12662
12663
12664
12665
12666
12667
12668
12669
12670
12671
12672
12673
12674
12675
12676
12677
12678
12679
12680
12681
12842
12844
12845
12846
12847
12848
12849
12856
12857
12858
12859
12860
12861
12862
12863
12864
12865
12866
12867
12868
12869
12870
12871
12873
12874
12875
12876
12877
12878
12880
12881
12882
12883
12884
12885
12887
12888
12889
12890
12891
12892
12894
12895
12896
12897
12898
12899
12901
12902
12903
12904
12905
12906
12908
12909
12910
12911
12912
12913
12915
12916
12917
12918
12919
12920
12922
12923
12924
12925
12926
12927
12929
12930
12931
12932
12933
12934
12936
12937
12938
12939
12940
12941
12943
12944
12945
12946
12947
12948
12950
12951
12952
12953
12954
12955
12957
12958
12959
12960
12961
12962
12964
12965
12966
12967
12968
12969
12971
12972
12973
12974
12975
12976
12978
12979
12980
12981
12982
12983
12985
12986
12988
12989
12991
12992
12994
12995
12997
12998
13000
13001
13003
13004
13006
13007
13081
13083
13084
13085
13086
13095
13097
13099
13101
13103
13105
13107
13109
13111
13113
13115
13117
13118
13119
13120
13121
13122
13123
13124
13125
13126
13127
13128
13129
13130
13131
13132
13133
13134
13135
13136
13137
13138
13139
13140
13141
13142
13143
13144
13145
13146
13155
13156
13163
13164
13165
13166
13167
13168
13169
13170
13171
13172
13173
13174
13175
13176
13177
13178
13179
13180
13181
13182
13183
13184
13185
13186
13187
13188
13189
13190
13191
13192
13193
13194
13230
13231
13237
13240
13263
13264
13265
13266
13267
13268
13269
13270
13271
13272
13273
13274
13275
13277
13280
13281
13282
13283
13284
13285
13286
13287
13288
13289
13290
13297
13298
13299
13306
13316
13317
13318
13319
13320
13326
13339
13340
13341
13342
13343
13344
13345
13346
13347
13348
13349
13350
13351
13352
13353
13354
13355
13357
13358
13360
13362
13364
13366
13368
13370
13372
13374
13376
13377
13378
13396
13397
13398
13399
13400
13404
13405
13406
13407
13408
13409
13410
13411
13412
13413
13414
13415
13416
13417
13418
13419
13420
13421
13422
13423
13424
13425
13426
13427
13428
13429
13430
13441
13442
13443
13444
13445
13449
13450
13451
13452
13453
13454
13455
13456
13457
13458
13459
13460
13461
13462
13465
13466
13467
13468
13471
13472
13473
13474
13475
13476
13477
13478
13479
13481
13482
13483
13484
13485
13486
13487
13488
13489
13490
13491
13492
13493
13494
13495
13496
13497
13498
13499
13500
13501
13502
13503
13504
13505
13506
13507
13508
13509
13510
13511
13512
13513
13514
13515
13516
13517
13518
13519
13520
13521
13522
13523
13524
13525
13526
13527
13528
13529
13530
13531
13532
13533
13534
13535
13536
13537
13538
13539
13540
13541
13542
13543
13544
13545
13546
13547
13548
13549
13550
13551
13552
13553
13554
13555
13556
13557
13558
13559
13560
13561
13562
13566
13594
13595
13596
13597
13612
13613
13614
13615
13616
13617
13618
13619
13620
13621
13622
13623
13624
13625
13626
13627
13628
13630
13631
13632
13633
13634
13635
13636
13637
13638
13639
13640
13641
13642
13643
13644
13645
13646
13647
13648
13655
13656
13657
13658
13659
13660
13661
13663
13664
13665
13666
13667
13668
13669
13670
13671
13672
13673
13674
13675
13676
13677
13678
13679
13680
13681
13682
13683
13684
13685
13686
13687
13688
13689
13690
13691
13692
13693
13694
13695
13696
13697
13698
13699
13700
13701
13702
13703
13704
13705
13706
13709
13710
13711
13712
13713
13714
13715
13716
13717
13718
13719
13720
13721
13722
13734
13736
13738
13740
13742
13744
13763
13764
13765
13766
13767
13768
13769
13770
13771
13772
13773
13774
13775
13776
13777
13778
13779
13780
13781
13782
13783
13784
13785
13786
13787
13788
13789
13790
13791
13792
13793
13794
13795
13796
13797
13798
13799
13800
13801
13802
13803
13804
13805
13806
13807
13808
13809
13810
13811
13812
13813
13814
13815
13816
13817
13818
13819
13820
13821
13822
13823
13824
13825
13826
13827
13828
13829
13830
13831
13832
13833
13834
13835
13836
13837
13838
13839
13858
13861
13864
13867
13870
13873
13876
13879
13880
13881
13882
13883
13884
13887
13890
13893
13896
13899
13902
13905
13908
13910
13911
13913
13914
13916
13917
13919
13920
13922
13923
13925
13926
13928
13929
13931
13932
13934
13935
13937
13938
13940
13941
13943
13944
13946
13947
13949
13950
13952
13953
13954
13955
13956
13957
13958
13960
13961
13963
13964
13966
13967
13969
13970
13972
13973
13975
13976
13978
13979
13981
13982
13984
13985
13987
13988
13990
14057
14058
14059
14060
14063
14064
14076
14077
14078
14079
14080
14081
14086
14087
14088
14094
14095
14096
14097
14101
14102
14103
14104
14109
14110
14111
14112
14114
14115
14116
14117
14118
14119
14120
14121
14142
14144
14146
14148
14150
14152
14154
14156
14158
14160
14192
14194
14196
14198
14200
14202
14203
14204
14205
14206
14287
14289
14291
14293
14295
14297
14299
14301
14303
14305
14307
14309
14311
14313
14315
14317
14319
14321
14323
14325
14327
14329
14331
14333
14335
14337
14339
14341
14343
14345
14347
14349
14351
14353
14355
14357
14359
14361
14363
14365
14367
14369
14371
14373
14375
14377
14379
14381
14383
14385
14387
14389
14391
14393
14395
14397
14399
14401
14403
14405
14407
14409
14411
14413
14415
14417
14419
14433
14434
14435
14436
14437
14438
14439
14440
14441
14442
14443
14444
14445
14446
14447
14448
14449
14450
14451
14452
14453
14454
14455
14456
14457
14460
14478
14479
14481
14482
14483
14484
14486
14490
14492
14494
14497
14499
14501
14505
14545
14546
14547
14548
14549
14550
14551
14552
14553
14554
14555
14556
14557
14558
14559
14560
14561
14562
14563
14564
14565
14566
14567
14568
14569
14571
14572
14573
14577
14578
14579
14590
14591
14592
14593
14594
14595
14596
14599
14600
14601
14602
14603
14604
14605
14628
14631
14632
14636
14637
14641
14642
14645
14662
14663
14679
14681
14684
14686
14712
14713
14725
14728
14729
14730
14731
14732
14733
14734
14736
14737
14742
14743
14745
14747
14749
14751
14753
14755
14757
14759
14761
14763
14765
14767
14769
14771
14773
14775
14777
14779
14781
14783
14785
14787
14789
14791
14823
14824
14825
14826
14835
14936
14937
14938
14939
15005
15006
15007
15008
15009
15010
15011
15012
15013
15014
15015
15016
15017
15018
15019
15020
15021
15022
15023
15024
15025
15026
15027
15028
15029
15030
15031
15032
15033
15034
15035
15036
15037
15038
15039
15040
15041
15042
15043
15044
15046
15048
15050
15052
15054
15061
15063
15064
15065
15067
15069
15071
15073
15078
15080
15082
15126
15214
15215
15220
15241
15243
15253
15255
15256
15257
15276
15277
15281
15336
15337
15338
15339
15345
15347
15349
15352
15353
15373
15374
15393
15394
15395
15396
15397
15398
15399
15400
15401
15402
15403
15417
15418
15422
15423
15424
15425
15426
15432
15433
15434
15435
15438
15439
15440
15441
15442
15443
15444
15445
15446
15447
15448
15449
15450
15451
15452
15453
15454
15455
15456
15457
15458
15459
15460
15461
15462
15463
15464
15484
15485
15486
15488
15490
15492
15496
15497
15502
15503
15505
15507
15509
15511
15582
15590
15596
15597
15598
15599
15600
15602
15604
15606
15608
15610
15612
15614
15616
15618
15620
15622
15673
15701
15702
15703
15704
15706
15707
15753
15755
15757
15759
15761
15763
15765
15767
15769
15771
15773
15775
15776
15777
15778
15779
15780
15781
15782
15783
15784
15785
15786
15787
15788
15789
15790
15791
15792
15793
15794
15795
15796
15797
15798
15799
15800
15801
15802
15803
15804
15805
15806
15807
15808
15809
15810
15811
15812
15813
15814
15815
15816
15817
15818
15819
15820
15821
15822
15823
15824
15825
15826
15827
15828
15829
15830
15831
15832
15833
15834
15835
15836
15837
15838
15839
15840
15841
15842
15843
15844
15845
15846
15847
15848
15849
15850
15851
15852
15853
15854
15855
15856
15857
15858
15859
15860
15861
15862
15863
15864
15865
15866
15867
15868
15869
15870
15871
15872
15873
15874
15875
15876
15877
15878
15879
15880
15881
15882
15883
15884
15885
15886
15887
15888
15889
15890
15891
15892
15893
15894
15895
15896
15897
15898
15899
15900
15901
15902
15903
15904
15905
15906
15907
15908
15909
15910
15911
15912
15913
15914
15915
15916
15917
15918
15919
15920
15921
15922
15923
15924
15925
15926
15927
15928
15929
15930
15931
15932
15933
15934
15935
15936
15937
15938
15939
15940
15941
15942
15943
15944
15945
15946
15947
15948
15949
15950
15951
15952
15953
15954
15955
15956
15957
15958
15959
15960
15961
15962
15963
15964
15965
15966
15967
15968
15969
15970
15971
15972
15973
15974
15975
15976
15977
15978
15979
15980
15981
15982
15983
15984
15985
15986
15987
15988
15989
15990
16002
16003
16004
16005
16006
16007
16008
16009
16010
16011
16012
16013
16014
16015
16016
16017
16018
16019
16020
16021
16022
16023
16024
16025
16026
16027
16028
16029
16030
16031
16032
16033
16034
16035
16036
16037
16038
16039
16040
16041
16042
16043
16044
16045
16046
16047
16048
16049
16050
16051
16052
16053
16054
16055
16056
16057
16058
16059
16060
16061
16062
16063
16064
16065
16066
16067
16068
16069
16070
16071
16072
16073
16074
16075
16076
16077
16078
16079
16080
16081
16082
16083
16084
16085
16086
16087
16088
16089
16090
16105
16106
16107
16108
16109
16110
16111
16112
16113
16114
16115
16116
16117
16118
16119
16120
16121
16122
16123
16124
16125
16126
16127
16128
16129
16130
16131
16132
16133
16134
16135
16136
16137
16138
16139
16140
16141
16153
16154
16155
16156
16157
16158
16159
16160
16161
16162
16163
16164
16165
16166
16167
16168
16169
16170
16171
16172
16173
16174
16175
16176
16177
16178
16179
16180
16181
16182
16183
16184
16185
16186
16187
16188
16189
16190
16191
16192
16193
16194
16195
16196
16197
16198
16199
16200
16201
16202
16203
16204
16205
16206
16207
16208
16209
16210
16211
16212
16213
16214
16215
16216
16217
16218
16219
16220
16221
16222
16223
16224
16225
16226
16227
16228
16229
16230
16231
16232
16233
16234
16235
16236
16237
16238
16239
16240
16241
16242
16243
16244
16245
16246
16247
16248
16249
16250
16251
16252
16253
16254
16255
16256
16257
16258
16259
16260
16261
16262
16263
16264
16265
16266
16267
16268
16269
16270
16271
16272
16273
16275
16277
16279
16281
16283
16285
16287
16289
16291
16293
16317
16319
16321
16323
16325
16327
16329
16331
16333
16335
16337
16339
16341
16343
16345
16347
16349
16351
16353
16355
16357
16359
16383
16385
16387
16389
16391
16393
16395
16397
16399
16401
16403
16405
16407
16409
16411
16413
16415
16417
16419
16421
16423
16425
16427
16432
16437
16442
16447
16452
16457
16462
16467
16472
16477
16482
16487
16492
16497
16502
16507
16512
16517
16522
16527
16532
16537
16542
16547
16552
16557
16562
16567
16572
16577
16582
16587
16592
16597
16602
16607
16612
16617
16622
16627
16632
16637
16642
16647
16649
16651
16653
16655
16657
16659
16661
16663
16665
16667
16669
16671
16673
16675
16677
16679
16681
16683
16685
16687
16689
16691
16693
16695
16697
16699
16701
16703
16705
16707
16709
16711
16713
16715
16717
16719
16721
16723
16725
16727
16729
16731
16733
16735
16737
16739
16741
16743
16745
16747
16749
16751
16753
16755
16757
16759
16761
16763
16765
16767
16769
16771
16773
16775
16777
16779
16781
16783
16785
16787
16789
16791
16793
16795
16797
16799
16801
16803
16805
16807
16809
16811
16813
16815
16817
16819
16821
16823
16825
16827
16829
16831
16833
16835
16837
16839
16841
16843
16845
16847
16849
16851
16853
16855
16857
16859
16861
16863
16865
16867
16869
16871
16873
16875
16877
16879
16881
16883
16885
16887
16889
16891
16893
16895
16897
16899
16901
16903
16905
16907
16909
16911
16913
16915
16917
16919
16921
16923
16925
16927
16929
16931
16933
16935
16937
16939
16941
16943
16945
16947
16949
16951
16953
16955
16957
16959
16961
16963
16965
16967
16969
16971
16973
16975
16977
16979
16981
16983
16985
16987
16989
16991
16993
16995
16997
16999
17001
17003
17005
17007
17009
17011
17013
17015
17017
17019
17021
17023
17025
17027
17029
17031
17033
17035
17037
17039
17041
17043
17045
17047
17049
17051
17053
17055
17057
17059
17061
17063
17065
17067
17069
17071
17073
17075
17077
17079
17081
17083
17085
17087
17089
17091
17093
17095
17097
17099
17101
17103
17105
17107
17109
17111
17113
17115
17117
17119
17121
17123
17125
17127
17129
17131
17133
17135
17137
17139
17141
17143
17145
17147
17149
17151
17153
17155
17157
17159
17161
17163
17165
17167
17169
17171
17173
17175
17177
17179
17181
17183
17185
17187
17189
17191
17193
17195
17197
17199
17201
17203
17205
17207
17209
17211
17213
17215
17217
17219
17221
17223
17225
17227
17229
17231
17233
17235
17237
17239
17241
17243
17245
17247
17249
17251
17253
17255
17257
17259
17261
17263
17265
17267
17269
17271
17273
17275
17277
17279
17281
17283
17285
17287
17289
17291
17293
17295
17297
17299
17301
17303
17305
17307
17309
17311
17313
17315
17317
17319
17321
17323
17325
17327
17329
17331
17333
17335
17337
17339
17341
17343
17345
17347
17349
17351
17353
17355
17357
17359
17361
18199
18331
18332
18333
18334
18335
18340
18341
18342
18346
18347
18349
18350
18351
18352
18353
18354
18355
18356
18357
18358
18359
18360
18361
18362
18363
18364
18365
18366
18367
18368
18369
18370
18371
18372
18373
18374
18508
18509
18510
18577
18578
18579
18580
18581
18582
18583
18584
18585
18643
18644
18650
18667
18673
18681
18691
18693
18695
18697
18699
18705
18706
18707
18708
18709
18739
18740
18741
18742
18743
18744
18745
18746
18747
18776
18777
18786
18788
18817
18818
18819
18820
18821
18822
18823
18824
18825
18826
18827
18828
19143
19145
19146
19148
19149
19151
19152
19157
19162
19167
19169
19171
19173
19175
19177
19179
19181
19182
19184
19185
19187
19188
19190
19192
19194
19196
19198
19200
19202
19203
19205
19206
19208
19209
19211
19213
19215
19217
19219
19221
19223
19224
19226
19227
19229
19230
19232
19234
19236
19238
19240
19242
19244
19245
19247
19248
19250
19251
19253
19255
19257
19259
19261
19263
19265
19266
19268
19269
19271
19272
19274
19275
19277
19278
19280
19281
19283
19284
19286
19287
19289
19290
19292
19293
19295
19296
19298
19299
19301
19302
19304
19305
19307
19308
19310
19311
19313
19314
19316
19317
19319
19320
19322
19323
19325
19327
19329
19331
19335
19336
19337
19338
19339
19340
19341
19342
19343
19344
19345
19362
19364
19366
19368
19370
19372
19374
19376
19378
19380
19382
19384
19386
19388
19390
19392
19394
19396
19398
19400
19401
19403
19404
19406
19407
19409
19410
19412
19413
19415
19416
19418
19419
19421
19422
19424
19425
19427
19428
19430
19431
19433
19434
19436
19437
19439
19440
19442
19443
19445
19447
19449
19451
19453
19455
19457
19459
19461
19463
19465
19612
19613
19614
19615
19616
19617
19618
19619
19620
19669
19671
19672
19673
19674
19690
19691
19692
19693
19694
19695
19706
19707
19708
19709
19710
19712
19713
19714
19715
19716
19717
19718
19719
19720
19721
19722
19723
19724
19725
19726
19727
19728
19729
19730
19731
19732
19733
19734
19735
19747
19776
19780
19781
19782
19783
19784
19785
19786
19787
19788
19789
19790
19799
19801
19808
19830
19865
19866
19867
19868
19886
19887
19888
19889
19892
19893
19896
20044
20045
20046
20048
20049
20050
20053
20054
20062
20064
20065
20066
20067
20068
20070
20072
20077
20084
20110
20115
20116
20117
20118
20119
20125
20127
20129
20131
20133
20135
20137
20138
20139
20141
20142
20143
20145
20146
20147
20149
20150
20151
20153
20154
20155
20157
20158
20159
20161
20162
20163
20165
20166
20167
20169
20170
20171
20173
20174
20177
20178
20430
20436
20438
20440
20442
20444
20446
20448
20450
20452
20454
20456
20458
20460
20462
20464
20466
20533
20534
20535
20536
20537
20538
20539
20540
20541
20542
20543
20544
20545
20546
20547
20548
20549
20550
20551
20552
20553
20554
20555
20556
20557
20653
20655
20657
20659
20671
20673
20686
20708
20709
20714
20716
20718
20725
20727
20728
20735
20736
20737
20738
20739
20740
20741
20742
20743
20744
20750
20751
20752
20753
20754
20755
20756
20757
20758
20759
20760
20761
20762
20763
20764
20765
20766
20767
20768
20769
20770
20771
20772
20787
20788
20789
20790
20791
20792
20793
20794
20795
20796
20797
20798
20799
20800
20801
20802
20803
20804
20805
20806
20807
20808
20809
20810
20811
20812
20813
20814
20815
20816
20817
20818
20819
20820
20821
20822
20823
20824
20825
20826
20833
20857
20858
20859
20872
20873
20874
20875
20876
20877
20891
20892
20929
20937
20949
20950
20951
20952
20953
20954
20955
20956
20957
20958
20959
20961
20962
20963
20964
20965
20966
20967
20968
20970
20971
20972
20973
20974
20975
20976
20977
20978
20979
20980
20981
20982
20983
20984
20985
20986
20987
20988
20989
20990
20991
20992
20993
20994
20995
20996
20997
20998
20999
21000
21001
21002
21003
21004
21005
21006
21007
21008
21009
21010
21011
21012
21013
21014
21015
21016
21017
21018
21019
21020
21021
21022
21023
21024
21025
21026
21027
21028
21029
21030
21031
21032
21033
21034
21035
21036
21037
21038
21039
21040
21041
21042
21043
21044
21045
21046
21047
21048
21049
21050
21051
21052
21053
21054
21055
21056
21057
21058
21059
21060
21061
21062
21063
21064
21065
21066
21067
21068
21069
21070
21071
21072
21073
21074
21075
21076
21077
21078
21079
21080
21081
21082
21083
21084
21085
21086
21087
21088
21089
21090
21091
21092
21093
21094
21095
21096
21097
21098
21099
21100
21101
21102
21103
21104
21105
21106
21107
21108
21109
21110
21111
21112
21113
21114
21115
21116
21117
21118
21119
21120
21121
21122
21123
21124
21125
21126
21127
21128
21129
21130
21131
21132
21133
21134
21135
21136
21137
21138
21139
21140
21141
21142
21143
21144
21145
21146
21147
21148
21149
21150
21151
21152
21153
21154
21155
21156
21157
21158
21159
21160
21161
21162
21163
21164
21165
21166
21167
21168
21169
21170
21171
21172
21173
21174
21175
21176
21177
21178
21179
21180
21181
21182
21183
21184
21185
21186
21187
21188
21189
21190
21191
21192
21193
21194
21195
21196
21197
21198
21199
21200
21201
21202
21203
21204
21205
21206
21207
21208
21209
21210
21211
21212
21213
21214
21215
21216
21217
21218
21219
21220
21221
21222
21223
21224
21225
21226
21227
21228
21229
21230
21231
21232
21233
21234
21235
21236
21237
21238
21239
21240
21241
21242
21243
21244
21245
21246
21247
21248
21249
21250
21251
21252
21253
21254
21255
21256
21257
21258
21259
21260
21261
21262
21263
21264
21265
21322
21323
21324
21325
21326
21327
21328
21329
21330
21331
21334
21335
21340
21341
21342
21347
21364
21365
21371
21372
21373
21374
21375
21389
21390
21391
21393
21394
21395
21396
21397
21398
21399
21400
21401
21406
21407
21408
21409
21410
21411
21412
21413
21414
21415
21416
21417
21418
21419
21420
21421
21422
21423
21424
21425
21426
21427
21435
21439
21440
21441
21442
21443
21445
21446
21447
21448
21449
21450
21452
21462
21463
21464
21465
21466
21467
21468
21469
21470
21471
21472
21473
21474
21475
21476
21477
21478
21479
21480
21481
21482
21483
21484
21485
21486
21487
21490
21491
21492
21493
21494
21495
21496
21497
21498
21499
21500
21501
21502
21503
21504
21505
21506
21507
21508
21509
21510
21513
21514
21516
21517
21518
21519
21523
21524
21526
21527
21528
21529
21530
21532
21533
21534
21535
21536
21537
21538
21539
21540
21541
21542
21543
21544
21545
21546
21547
21548
21549
21550
21551
21552
21553
21554
21555
21556
21557
21558
21559
21560
21561
21562
21563
21564
21565
21566
21571
21572
21573
21574
21575
21576
21580
21581
21582
21596
21597
21598
21599
21640
21645
21650
21655
21660
21665
21670
21675
21680
21681
21682
21687
21688
21689
21694
21695
21696
21701
21702
21703
21712
21713
21714
21719
21720
21721
21726
21727
21728
21733
21734
21735
21736
21738
21739
21740
21741
21742
21744
21746
21747
21748
21749
21750
21752
21754
21755
21756
21757
21758
21760
21762
21763
21764
21765
21766
21777
21787
21789
21790
21792
21793
21795
21818
21820
21822
21864
21865
21866
21867
21868
21869
21887
21888
21889
21890
21891
21892
21893
21894
21895
21896
21897
21898
21899
21900
21901
21902
21903
21904
21905
21906
21907
21908
21909
21910
21911
21912
21913
21914
21915
21916
21917
21918
21919
21920
21921
21922
21923
21924
21925
21926
21927
21928
21929
21930
21931
21932
21933
21934
21935
21936
21937
21938
21939
21940
21941
21942
21943
21944
21945
21946
21947
21948
21949
21950
21951
21952
21953
21954
21955
21956
21957
21958
21959
21960
21961
21962
21963
21964
21965
21966
21967
21968
21969
21970
21971
21972
21973
21974
21975
21976
21977
21978
21979
21980
21981
21982
21983
21984
21985
21986
21987
21988
21989
21990
21991
21992
21993
21994
21995
21996
21997
21998
21999
22000
22001
22002
22003
22004
22005
22006
22007
22008
22009
22010
22011
22012
22013
22014
22015
22016
22017
22018
22019
22020
22021
22022
22023
22024
22025
22026
22027
22028
22029
22030
22031
22032
22033
22034
22035
22036
22037
22038
22039
22040
22041
22042
22043
22044
22045
22046
22047
22048
22049
22050
22051
22052
22053
22054
22055
22056
22057
22058
22059
22060
22061
22062
22063
22064
22065
22066
22067
22068
22069
22070
22071
22072
22073
22074
22075
22076
22077
22078
22079
22080
22081
22082
22083
22084
22085
22086
22087
22088
22089
22090
22091
22092
22093
22094
22095
22096
22097
22098
22099
22100
22101
22102
22103
22104
22105
22106
22107
22108
22109
22110
22111
22112
22113
22114
22115
22116
22117
22118
22119
22120
22121
22122
22123
22124
22125
22126
22127
22128
22129
22130
22131
22132
22133
22134
22135
22136
22137
22138
22139
22140
22141
22142
22143
22144
22145
22146
22147
22148
22149
22150
22151
22152
22153
22154
22155
22156
22157
22158
22159
22160
22161
22162
22163
22164
22165
22166
22167
22168
22169
22170
22171
22172
22173
22174
22175
22176
22177
22178
22179
22180
22181
22182
22183
22184
22185
22186
22187
22188
22189
22190
22191
22192
22193
22194
22195
22196
22197
22198
22199
22200
22201
22202
22203
22204
22205
22206
22207
22208
22209
22210
22211
22212
22213
22214
22215
22216
22217
22218
22219
22220
22221
22222
22223
22224
22225
22226
22227
22228
22229
22230
22231
22232
22233
22234
22235
22236
22237
22238
22239
22240
22241
22242
22243
22244
22245
22246
22247
22248
22249
22250
22251
22252
22253
22254
22255
22256
22257
22258
22259
22260
22261
22262
22263
22264
22265
22266
22268
22269
22270
22271
22272
22273
22274
22275
22276
22277
22278
22279
22280
22281
22282
22283
22284
22285
22286
22287
22288
22289
22290
22291
22292
22293
22294
22295
22296
22297
22298
22299
22300
22301
22302
22303
22304
22305
22306
22307
22314
22315
22316
22317
22318
22319
22320
22321
22322
22323
22324
22327
22328
22332
22333
22334
22336
22337
22338
22339
22346
22347
22348
22358
22359
22360
22361
22362
22363
22364
22365
22366
22367
22368
22369
22401
22402
22403
22404
22405
22406
22408
22409
22410
22412
22413
22414
22415
22416
22417
22418
22420
22421
22422
22423
22424
22425
22426
22427
22428
22429
22430
22431
22442
22452
22454
22456
22458
22460
22461
22462
22464
22465
22466
22468
22469
22470
22472
22473
22474
22476
22477
22478
22480
22481
22482
22484
22485
22486
22488
22489
22490
22492
22493
22494
22496
22497
22498
22528
22529
22530
22531
22532
22533
22534
22535
22536
22537
22538
22539
22540
22541
22542
22543
22544
22545
22546
22547
22548
22549
22550
22551
22552
22553
22554
22555
22556
22557
22558
22559
22568
22569
22570
22571
22572
22573
22574
22575
22576
22577
22578
22579
22580
22581
22582
22583
22584
22585
22586
22587
22588
22589
22590
22591
22592
22593
22594
22595
22596
22597
22598
22599
22600
22601
22602
22603
22604
22605
22606
22607
22608
22609
22610
22611
22612
22613
22614
22615
22616
22617
22618
22619
22620
22621
22622
22623
22624
22625
22626
22627
22628
22629
22630
22631
22632
22633
22634
22635
22636
22637
22638
22639
22640
22641
22642
22643
22644
22645
22646
22647
22648
22649
22650
22651
22652
22653
22654
22655
22656
22657
22658
22659
22660
22661
22662
22663
22664
22665
22666
22667
22668
22669
22670
22671
22672
22673
22674
22675
22676
22677
22678
22679
22680
22681
22682
22683
22684
22685
22686
22687
22688
22689
22690
22691
22692
22693
22694
22695
22696
22697
22698
22699
22700
22701
22702
22703
22704
22705
22706
22707
22708
22709
22710
22711
22712
22713
22714
22715
22716
22717
22718
22719
22720
22721
22722
22723
22724
22725
22726
22727
22728
22729
22730
22731
22732
22733
22734
22735
22736
22737
22738
22739
22740
22741
22742
22743
22744
22745
22746
22747
22748
22749
22750
22751
22752
22753
22754
22755
22756
22757
22758
22759
22760
22761
22762
22763
22764
22765
22766
22767
22768
22769
22770
22771
22772
22773
22774
22775
22776
22777
22778
22779
22780
22781
22782
22783
22784
22785
22786
22787
22788
22789
22790
22791
22792
22793
22794
22795
22796
22797
22798
22799
22800
22801
22802
22803
22804
22805
22806
22807
22808
22809
22810
22811
22812
22813
22814
22815
22816
22817
22818
22819
22820
22821
22822
22823
22824
22825
22826
22827
22828
22829
22830
22831
22832
22833
22834
22835
22836
22837
22838
22839
22840
22841
22842
22843
22844
22845
22846
22847
22848
22849
22850
22851
22852
22853
22854
22855
22856
22857
22858
22859
22860
22861
22862
22863
22864
22865
22866
22867
22868
22869
22870
22871
22872
22873
22874
22875
22876
22877
22878
22879
22880
22881
22882
22883
22884
22885
22886
22887
22888
22889
22890
22891
22892
22893
22894
22895
22896
22897
22898
22899
22900
22901
22902
22903
22904
22905
22906
22907
22908
22909
22910
22911
22912
22913
22914
22915
22916
22917
22918
22919
22920
22921
22922
22923
22924
22925
22926
22927
22928
22929
22930
22931
22932
22933
22934
22935
22936
22937
22938
22939
22958
22959
22960
22961
22962
22963
22966
22967
22968
22969
22970
22971
22972
22985
22996
23003
23004
23005
23006
23014
23027
23028
23029
23035
23039
23042
23043
23044
23045
23046
23047
23048
23050
23052
23081
23103
23108
23109
23110
23111
23112
23113
23114
23115
23116
23117
23119
23120
23121
23122
23124
23639
23643
23644
23659
23661
23662
23663
23664
23665
23666
23667
23668
23669
23670
23671
23672
23673
23674
23675
23676
23677
23678
23679
23680
23681
23682
23683
23684
23685
23686
23687
23688
23689
23690
23691
23692
23693
23694
23695
23696
23697
23698
23699
23700
23818
23819
23840
23841
23842
23843
23844
23845
23846
23847
23848
23849
23850
23851
23852
23853
23854
23855
23856
23857
23858
23859
23860
23861
23862
23863
23864
23865
23866
23867
23868
23869
23870
23871
23872
23873
23874
23875
23876
23877
23878
23879
23880
23881
23882
23883
23884
23885
23886
23887
23888
23889
23890
23891
23892
23893
23894
23895
23896
23897
23898
23899
23900
23901
23902
23903
23904
23905
23906
23907
23908
23909
23910
23911
23912
23913
23914
23915
23916
23917
23918
23919
23920
23921
23922
23923
23924
23925
23926
23927
23928
23929
23930
23931
23932
23933
23934
23935
23936
23937
23938
23939
23940
23941
23942
23943
23944
23945
23946
23947
23948
23949
23950
23951
23952
23953
23954
23955
23956
23957
23958
23959
23960
23961
23962
23963
23964
23965
23966
23967
23968
23969
23970
23971
23972
23973
23974
23975
23976
23977
23978
23979
23980
23981
23982
23983
23984
23985
23986
23987
23988
23989
23990
23991
23992
23993
23994
23995
23996
23997
23998
23999
24000
24001
24002
24003
24004
24005
24006
24007
24008
24009
24010
24011
24012
24013
24014
24015
24016
24017
24018
24019
24020
24021
24022
24023
24024
24025
24026
24027
24028
24029
24030
24031
24032
24033
24034
24035
24036
24037
24038
24039
24040
24041
24042
24043
24044
24045
24046
24047
24048
24049
24050
24051
24052
24053
24054
24055
24056
24057
24058
24059
24060
24061
24062
24063
24064
24065
24066
24067
24068
24069
24070
24071
24072
24073
24074
24075
24076
24077
24078
24079
24080
24081
24082
24083
24084
24085
24086
24087
24088
24089
24090
24091
24092
24093
24094
24095
24096
24097
24098
24099
24100
24101
24102
24103
24104
24105
24106
24107
24108
24109
24110
24111
24112
24113
24114
24115
24116
24134
24135
24136
24144
24145
24146
24149
24150
24160
24161
24162
24163
24164
24165
24166
24167
24168
24172
24173
24174
24186
24187
24188
24189
24197
24198
24199
24200
24201
24202
24203
24206
24207
24208
24209
24210
24211
24294
24296
24297
24298
24299
24301
24302
24303
24304
24315
24317
24324
24325
24326
24327
24328
24329
24330
24331
24332
24333
24334
24335
24336
24338
24339
24354
24355
24356
24357
24358
24359
24360
24361
24362
24363
24364
24365
24367
24376
24378
24379
24381
24382
24384
24388
24389
24390
24391
24392
24393
24406
24408
24410
24412
24414
24416
24418
24419
24423
24424
24425
24426
24427
24428
24429
24430
24431
24433
24434
24436
24437
24438
24439
24440
24441
24450
24451
24452
24453
24454
24455
24456
24457
24458
24463
24473
24474
24544
24545
24546
24547
24548
24549
24550
24551
24552
24553
24554
24555
24556
24557
24558
24559
24560
24561
24562
24563
24564
24565
24566
24567
24568
24569
24570
24571
24572
24573
24574
24575
24576
24577
24578
24583
24584
24585
24586
24587
24588
24589
24590
24591
24592
24595
24596
24597
24598
24599
24600
24601
24602
24605
24606
24607
24608
24609
24610
24611
24612
24613
24614
24617
24618
24619
24620
24621
24622
24623
24624
24627
24628
24629
24630
24631
24632
24633
24634
24635
24636
24639
24640
24641
24642
24643
24644
24645
24646
24647
24648
24649
24650
24651
24652
24708
24709
24710
24711
24712
24713
24714
24715
24716
24717
24718
24719
24720
24721
24722
24723
24724
24725
24726
24727
24728
24729
24730
24731
24732
24733
24734
24735
24736
24737
24738
24739
24740
24741
24742
24743
24744
24745
24746
24747
24748
24749
24750
24751
24752
24753
24754
24755
24756
24757
24758
24759
24760
24761
24762
24791
24792
24793
24794
24795
24796
24797
24798
24799
24800
24801
24802
24803
24804
24805
24806
24807
24808
24809
24810
24811
24812
24813
24814
24815
24816
24817
24818
24819
24822
24823
24824
24825
24827
24828
24829
24830
24831
24832
24833
24840
24846
24849
24850
24851
24852
24853
24854
24856
28679
28680
28681
28682
28683
28684
28685
28686
28687
28688
28689
28690
28691
28692
28693
28694
28695
28696
28697
28698
28699
28700
29870
29871
29873
29875
29877
29881
29883
29885
29887
29889
29891
29893
29899
29900
29956
29957
29958
29959
29960
29961
29969
29970
29971
29972
29973
29974
29975
29976
29977
29978
29979
29980
29981
29982
29983
29984
29985
29986
29987
29988
29989
29990
29991
29992
29998
29999